       0       0       0       0       0       0       0       0       0       0       0       0       0       0       0       0
       0       1       0       0       0       0       0       0       0       0       0       0       0       0       0       0
       0       0       0       0       0       0       2       0       0       0       0       0      11       0       0       0
       0       0       0       0       0       0       0       0       0       0       0       0      24       0       0       0
       0       0       0       0       0      14      15       0       0       1       0       0       0       1       0       0
       0       0       0       1       0       0       0       0       0       0       0       0       0       0       0       0
       0       0       0       0       0       0       0       0       0       0       0       2       0       0       0       1
       0       0       0       0       0       0       0       0       0       0       0       0       0       0       0       0
       0       0       0       0       0       0       0       0       0       0       0       0       0       0       0       0
       0       0       0       0       0       0       0       1       0       0       0       0       1       0       0       0
       0       0       2       0       0       0       0       0       0       0       0       0       0       2       0       0
       0       0       0       0       0       0       0       0       0       0       1       0       0       0       0       0
       0       0       0       0       0       1       0       0       0       0       0       0      16      17       0       0
       0       6       6       0       0       0       0       0       0       0       0       0       0       0       1       0
       0       6       6       0       0       0       0       0       0       0       0       0       0       0       0       0
       0       0       0       0       0       0       0       0       0       0       0       0       0       0       0       0
